No, Length, Seq, Win, Len
3, 54, 1, 29200, 0
4, 7354, 1, 29200, 7300
5, 7354, 7301, 29200, 7300
8, 5894, 14601, 29200, 5840
12, 8814, 20441, 29200, 8760
16, 8814, 29201, 29200, 8760
20, 8814, 37961, 29200, 8760
26, 11734, 46721, 29200, 11680
35, 11734, 58401, 29200, 11680
42, 8814, 70081, 29200, 8760
51, 13194, 78841, 29200, 13140
61, 13194, 91981, 29200, 13140
66, 5894, 105121, 29200, 5840
75, 13194, 110961, 29200, 13140
85, 13194, 124101, 29200, 13140
90, 5894, 137241, 29200, 5840
100, 13194, 143081, 29200, 13140
109, 13194, 156221, 29200, 13140
114, 5894, 169361, 29200, 5840
124, 14654, 175201, 29200, 14600
129, 5894, 189801, 29200, 5840
138, 11734, 195641, 29200, 11680
148, 14654, 207321, 29200, 14600
159, 14654, 221921, 29200, 14600
162, 2974, 236521, 29200, 2920
172, 14654, 239441, 29200, 14600
183, 14654, 254041, 29200, 14600
186, 2974, 268641, 29200, 2920
197, 16114, 271561, 29200, 16060
209, 16114, 287621, 29200, 16060
220, 16114, 303681, 29200, 16060
231, 14654, 319741, 29200, 14600
233, 1514, 334341, 29200, 1460
244, 16114, 335801, 29200, 16060
255, 14654, 351861, 29200, 14600
257, 1514, 366461, 29200, 1460
269, 17574, 367921, 29200, 17520
280, 14654, 385441, 29200, 14600
292, 17574, 400041, 29200, 17520
303, 14654, 417561, 29200, 14600
315, 17574, 432161, 29200, 17520
326, 14654, 449681, 29200, 14600
339, 19034, 464281, 29200, 18980
349, 13194, 483261, 29200, 13140
375, 5894, 496401, 29200, 5840
393, 24874, 502241, 29200, 24820
394, 1514, 527061, 29200, 1460
395, 24874, 528521, 29200, 24820
397, 7354, 553341, 29200, 7300
411, 20494, 560641, 29200, 20440
430, 2974, 581081, 29200, 2920
455, 54, 584000, 29200, 0
456, 54, 584000, 29200, 0
459, 8814, 584001, 29200, 8760
460, 5894, 592761, 29200, 5840
463, 5894, 598601, 29200, 5840
467, 8814, 604441, 29200, 8760
471, 8814, 613201, 29200, 8760
475, 2974, 621961, 29200, 2920
478, 11734, 624881, 29200, 11680
484, 13194, 636561, 29200, 13140
495, 7354, 649701, 29200, 7300
498, 16114, 657001, 29200, 16060
509, 16114, 673061, 29200, 16060
512, 2974, 689121, 29200, 2920
524, 16114, 692041, 29200, 16060
533, 13194, 708101, 29200, 13140
560, 5894, 721241, 29200, 5840
574, 20494, 727081, 29200, 20440
589, 5894, 747521, 29200, 5840
590, 8814, 753361, 29200, 8760
602, 54, 762120, 29200, 0
603, 54, 762120, 29200, 0
606, 8814, 762121, 29200, 8760
607, 5894, 770881, 29200, 5840
609, 2974, 776721, 29200, 2920
611, 2974, 779641, 29200, 2920
613, 2974, 782561, 29200, 2920
616, 5894, 785481, 29200, 5840
624, 5894, 791321, 29200, 5840
638, 20494, 797161, 29200, 20440
639, 21954, 817601, 29200, 21900
644, 10274, 839501, 29200, 10220
658, 19034, 849721, 29200, 18980
660, 1514, 868701, 29200, 1460
669, 11734, 870161, 29200, 11680
676, 8814, 881841, 29200, 8760
686, 11734, 890601, 29200, 11680
694, 11734, 902281, 29200, 11680
707, 17574, 913961, 29200, 17520
717, 14654, 931481, 29200, 14600
719, 1514, 946081, 29200, 1460
733, 17574, 947541, 29200, 17520
742, 13194, 965061, 29200, 13140
755, 17574, 978201, 29200, 17520
765, 14654, 995721, 29200, 14600
779, 19034, 1010321, 29200, 18980
788, 13194, 1029301, 29200, 13140
802, 19034, 1042441, 29200, 18980
811, 13194, 1061421, 29200, 13140
825, 19034, 1074561, 29200, 18980
834, 13194, 1093541, 29200, 13140
849, 20494, 1106681, 29200, 20440
857, 11734, 1127121, 29200, 11680
872, 20494, 1138801, 29200, 20440
880, 11734, 1159241, 29200, 11680
895, 20494, 1170921, 29200, 20440
903, 11734, 1191361, 29200, 11680
919, 21954, 1203041, 29200, 21900
926, 10274, 1224941, 29200, 10220
942, 21954, 1235161, 29200, 21900
950, 10274, 1257061, 29200, 10220
966, 21954, 1267281, 29200, 21900
974, 10274, 1289181, 29200, 10220
990, 21954, 1299401, 29200, 21900
1024, 2974, 1321301, 29200, 2920
1038, 7354, 1324221, 29200, 7300
1039, 32174, 1331521, 29200, 32120
1040, 23414, 1363641, 29200, 23360
1053, 8814, 1387001, 29200, 8760
1063, 21954, 1395761, 29200, 21900
1071, 10274, 1417661, 29200, 10220
1087, 21954, 1427881, 29200, 21900
1095, 10274, 1449781, 29200, 10220
1111, 21954, 1460001, 29200, 21900
1135, 4434, 1481901, 29200, 4380
1161, 5894, 1486281, 29200, 5840
1162, 29254, 1492121, 29200, 29200
1164, 2974, 1521321, 29200, 2920
1165, 27794, 1524241, 29200, 27740
1169, 4434, 1551981, 29200, 4380
1178, 11734, 1556361, 29200, 11680
1193, 20494, 1568041, 29200, 20440
1209, 21954, 1588481, 29200, 21900
1217, 10274, 1610381, 29200, 10220
1233, 21954, 1620601, 29200, 21900
1241, 10274, 1642501, 29200, 10220
1271, 1514, 1652721, 29200, 1460
1288, 30714, 1654181, 29200, 30660
1289, 23414, 1684841, 29200, 23360
1327, 1514, 1706741, 29200, 1460
1331, 1514, 1708201, 29200, 1460
1332, 1514, 1709661, 29200, 1460
1334, 5894, 1711121, 29200, 5840
1335, 32174, 1716961, 29200, 32120
1336, 7354, 1749081, 29200, 7300
1370, 24874, 1756381, 29200, 24820
1371, 24874, 1781201, 29200, 24820
1406, 54, 1806020, 29200, 0
1407, 54, 1806020, 29200, 0
1409, 54, 1806020, 29200, 0
1412, 7354, 1806021, 29200, 7300
1413, 7354, 1813321, 29200, 7300
1415, 2974, 1820621, 29200, 2920
1417, 2974, 1823541, 29200, 2920
1419, 2974, 1826461, 29200, 2920
1422, 4434, 1829381, 29200, 4380
1425, 7354, 1833761, 29200, 7300
1428, 4434, 1841061, 29200, 4380
1436, 4434, 1845441, 29200, 4380
1440, 10274, 1849821, 29200, 10220
1445, 10274, 1860041, 29200, 10220
1451, 7354, 1870261, 29200, 7300
1459, 11734, 1877561, 29200, 11680
1468, 11734, 1889241, 29200, 11680
1475, 8814, 1900921, 29200, 8760
1488, 7354, 1909681, 29200, 7300
1504, 16114, 1916981, 29200, 16060
1505, 8814, 1933041, 29200, 8760
1509, 11734, 1941801, 29200, 11680
1534, 17574, 1953481, 29200, 17520
1535, 2974, 1971001, 29200, 2920
1536, 14654, 1973921, 29200, 14600
1560, 1514, 1987061, 29200, 1460
1564, 1514, 1988521, 29200, 1460
1565, 1514, 1989981, 29200, 1460
1567, 14654, 1991441, 29200, 14600
1568, 17574, 2006041, 29200, 17520
1569, 2974, 2023561, 29200, 2920
1578, 11734, 2026481, 29200, 11680
1588, 13194, 2038161, 29200, 13140
1597, 13194, 2051301, 29200, 13140
1624, 5894, 2064441, 29200, 5840
1625, 19034, 2070281, 29200, 18980
1627, 11734, 2089261, 29200, 11680
1654, 1514, 2100941, 29200, 1460
1655, 13194, 2102401, 29200, 13140
1656, 13194, 2115541, 29200, 13140
1658, 5894, 2128681, 29200, 5840
1679, 1514, 2134521, 29200, 1460
1683, 54, 2135980, 29200, 0
1684, 54, 2135980, 29200, 0
1687, 19034, 2135981, 29200, 18980
1691, 2974, 2154961, 29200, 2920
1695, 7354, 2157881, 29200, 7300
1697, 1514, 2165181, 29200, 1460
1701, 10274, 2166641, 29200, 10220
1707, 11734, 2176861, 29200, 11680
1711, 4434, 2188541, 29200, 4380
1715, 5894, 2192921, 29200, 5840
1723, 11734, 2198761, 29200, 11680
1732, 11734, 2210441, 29200, 11680
1738, 8814, 2222121, 29200, 8760
1741, 2974, 2230881, 29200, 2920
1752, 13194, 2233801, 29200, 13140
1761, 13194, 2246941, 29200, 13140
1764, 2974, 2260081, 29200, 2920
1774, 13194, 2263001, 29200, 13140
1784, 14654, 2276141, 29200, 14600
1788, 4434, 2290741, 29200, 4380
1798, 13194, 2295121, 29200, 13140
1808, 14654, 2308261, 29200, 14600
1812, 4434, 2322861, 29200, 4380
1823, 14654, 2327241, 29200, 14600
1839, 14654, 2341841, 29200, 14600
1840, 2974, 2356441, 29200, 2920
1847, 14654, 2359361, 29200, 14600
1857, 14654, 2373961, 29200, 14600
1860, 2974, 2388561, 29200, 2920
1871, 14654, 2391481, 29200, 14600
1900, 1514, 2406081, 29200, 1460
1905, 16114, 2407541, 29200, 16060
1906, 21954, 2423601, 29200, 21900
1908, 10274, 2445501, 29200, 10220
1920, 16114, 2455721, 29200, 16060
1931, 16114, 2471781, 29200, 16060
1947, 11734, 2487841, 29200, 11680
1974, 54, 2499520, 29200, 0
1975, 54, 2499520, 29200, 0
1978, 7354, 2499521, 29200, 7300
1979, 7354, 2506821, 29200, 7300
1981, 2974, 2514121, 29200, 2920
1983, 2974, 2517041, 29200, 2920
1986, 4434, 2519961, 29200, 4380
1989, 7354, 2524341, 29200, 7300
1994, 11734, 2531641, 29200, 11680
1998, 8814, 2543321, 29200, 8760
2004, 13194, 2552081, 29200, 13140
2014, 14654, 2565221, 29200, 14600
2018, 4434, 2579821, 29200, 4380
2029, 14654, 2584201, 29200, 14600
2039, 14654, 2598801, 29200, 14600
2042, 2974, 2613401, 29200, 2920
2053, 14654, 2616321, 29200, 14600
2063, 14654, 2630921, 29200, 14600
2066, 2974, 2645521, 29200, 2920
2077, 14654, 2648441, 29200, 14600
2088, 16114, 2663041, 29200, 16060
2090, 1514, 2679101, 29200, 1460
2113, 13194, 2680561, 29200, 13140
2132, 19034, 2693701, 29200, 18980
2133, 23414, 2712681, 29200, 23360
2137, 8814, 2736041, 29200, 8760
2154, 11734, 2744801, 29200, 11680
2179, 1514, 2755021, 29200, 1460
2182, 54, 2756480, 29200, 0
2184, 1514, 2756481, 29200, 1460
2185, 1514, 2757941, 29200, 1460
2187, 17574, 2759401, 29200, 17520
2188, 24874, 2776921, 29200, 24820
2189, 7354, 2801741, 29200, 7300
2226, 26334, 2809041, 29200, 26280
2227, 5894, 2835321, 29200, 5840
2228, 20494, 2841161, 29200, 20440
2236, 11734, 2861601, 29200, 11680
2269, 1514, 2873281, 29200, 1460
2276, 54, 2874740, 29200, 0
2277, 54, 2874740, 29200, 0
2280, 27794, 2874741, 29200, 27740
2287, 2974, 2902481, 29200, 2920
2291, 10274, 2905401, 29200, 10220
2296, 11734, 2915621, 29200, 11680
2301, 10274, 2927301, 29200, 10220
2308, 14654, 2937521, 29200, 14600
2318, 16114, 2952121, 29200, 16060
2320, 1514, 2968181, 29200, 1460
2331, 1514, 2969641, 29200, 1460
2355, 24874, 2971101, 29200, 24820
2356, 5894, 2995921, 29200, 5840
2357, 19034, 3001761, 29200, 18980
2378, 5894, 3020741, 29200, 5840
2397, 1514, 3025121, 29200, 1460
2400, 54, 3026580, 29200, 0
2402, 1514, 3026581, 29200, 1460
2403, 1514, 3028041, 29200, 1460
2405, 4434, 3029501, 29200, 4380
2406, 26334, 3033881, 29200, 26280
2407, 5894, 3060161, 29200, 5840
2408, 7354, 3066001, 29200, 7300
2441, 21954, 3073301, 29200, 21900
2442, 2974, 3095201, 29200, 2920
2443, 21954, 3098121, 29200, 21900
2446, 10274, 3120021, 29200, 10220
2465, 7354, 3130241, 29200, 7300
2489, 1514, 3136081, 29200, 1460
2493, 1514, 3137541, 29200, 1460
2494, 1514, 3139001, 29200, 1460
2496, 21954, 3140461, 29200, 21900
2497, 19034, 3162361, 29200, 18980
2528, 13194, 3181341, 29200, 13140
2529, 17574, 3194481, 29200, 17520
2531, 14654, 3212001, 29200, 14600
2550, 8814, 3226601, 29200, 8760
2569, 54, 3235360, 29200, 0
2570, 54, 3235360, 29200, 0
2572, 54, 3235360, 29200, 0
2575, 23414, 3235361, 29200, 23360
2582, 8814, 3258721, 29200, 8760
2587, 11734, 3267481, 29200, 11680
2593, 11734, 3279161, 29200, 11680
2611, 4434, 3290841, 29200, 4380
2622, 17574, 3295221, 29200, 17520
2623, 10274, 3312741, 29200, 10220
2627, 11734, 3322961, 29200, 11680
2636, 11734, 3334641, 29200, 11680
2642, 8814, 3346321, 29200, 8760
2652, 13194, 3355081, 29200, 13140
2666, 8814, 3368221, 29200, 8760
2684, 1514, 3375521, 29200, 1460
2688, 1514, 3376981, 29200, 1460
2689, 1514, 3378441, 29200, 1460
2691, 7354, 3379901, 29200, 7300
2692, 19034, 3387201, 29200, 18980
2693, 10274, 3406181, 29200, 10220
2696, 2974, 3416401, 29200, 2920
2706, 13194, 3419321, 29200, 13140
2716, 13194, 3432461, 29200, 13140
2735, 5894, 3445601, 29200, 5840
2736, 19034, 3451441, 29200, 18980
2738, 4434, 3470421, 29200, 4380
2745, 8814, 3474801, 29200, 8760
2773, 14654, 3483561, 29200, 14600
2774, 14654, 3498161, 29200, 14600
2775, 2974, 3512761, 29200, 2920
2780, 14654, 3515681, 29200, 14600
2790, 14654, 3530281, 29200, 14600
2793, 2974, 3544881, 29200, 2920
2810, 10274, 3547801, 29200, 10220
2832, 21954, 3558021, 29200, 21900
2833, 21954, 3579921, 29200, 21900
2840, 10274, 3601821, 29200, 10220
2852, 16114, 3612041, 29200, 16060
2863, 16114, 3628101, 29200, 16060
2875, 16114, 3644161, 29200, 16060
2886, 16114, 3660221, 29200, 16060
2899, 17574, 3676281, 29200, 17520
2918, 14654, 3693801, 29200, 14600
2922, 17574, 3708401, 29200, 17520
2932, 14654, 3725921, 29200, 14600
2963, 4434, 3740521, 29200, 4380
2974, 26334, 3744901, 29200, 26280
2975, 1514, 3771181, 29200, 1460
2976, 26334, 3772641, 29200, 26280
2980, 5894, 3798921, 29200, 5840
3003, 1514, 3804761, 29200, 1460
3020, 1514, 3804761, 29200, 1460
3024, 1514, 3806221, 29200, 1460
3025, 1514, 3807681, 29200, 1460
3027, 27794, 3809141, 29200, 27740
3028, 24874, 3836881, 29200, 24820
3066, 7354, 3861701, 29200, 7300
3067, 27794, 3869001, 29200, 27740
3068, 4434, 3896741, 29200, 4380
3074, 14654, 3901121, 29200, 14600
3106, 1514, 3915721, 29200, 1460
3110, 54, 3917180, 29200, 0
3111, 54, 3917180, 29200, 0
3114, 16114, 3917181, 29200, 16060
3118, 7354, 3933241, 29200, 7300
3122, 8814, 3940541, 29200, 8760
3127, 8814, 3949301, 29200, 8760
3133, 7354, 3958061, 29200, 7300
3150, 1514, 3965361, 29200, 1460
3155, 13194, 3966821, 29200, 13140
3156, 13194, 3979961, 29200, 13140
3159, 4434, 3993101, 29200, 4380
3167, 10274, 3997481, 29200, 10220
3175, 10274, 4007701, 29200, 10220
3182, 10274, 4017921, 29200, 10220
3184, 1514, 4028141, 29200, 1460
3192, 10274, 4029601, 29200, 10220
3200, 10274, 4039821, 29200, 10220
3213, 5894, 4050041, 29200, 5840
3226, 54, 4055880, 29200, 0
3227, 54, 4055880, 29200, 0
3229, 54, 4055880, 29200, 0
3232, 5894, 4055881, 29200, 5840
3233, 7354, 4061721, 29200, 7300
3236, 7354, 4069021, 29200, 7300
3240, 8814, 4076321, 29200, 8760
3244, 8814, 4085081, 29200, 8760
3251, 10274, 4093841, 29200, 10220
3262, 10274, 4104061, 29200, 10220
3268, 7354, 4114281, 29200, 7300
3285, 4434, 4121581, 29200, 4380
3286, 14654, 4125961, 29200, 14600
3287, 10274, 4140561, 29200, 10220
3293, 7354, 4150781, 29200, 7300
3301, 10274, 4158081, 29200, 10220
3309, 11734, 4168301, 29200, 11680
3324, 2974, 4179981, 29200, 2920
3335, 54, 4182900, 29200, 0
3336, 54, 4182900, 29200, 0
3338, 54, 4182900, 29200, 0
3341, 7354, 4182901, 29200, 7300
3342, 7354, 4190201, 29200, 7300
3345, 5894, 4197501, 29200, 5840
3349, 8814, 4203341, 29200, 8760
3353, 8814, 4212101, 29200, 8760
3355, 1514, 4220861, 29200, 1460
3361, 10274, 4222321, 29200, 10220
3368, 10274, 4232541, 29200, 10220
3389, 4434, 4242761, 29200, 4380
3395, 7354, 4247141, 29200, 7300
3396, 16114, 4254441, 29200, 16060
3398, 11734, 4270501, 29200, 11680
3402, 4434, 4282181, 29200, 4380
3410, 11734, 4286561, 29200, 11680
3419, 11734, 4298241, 29200, 11680
3426, 8814, 4309921, 29200, 8760
3435, 13194, 4318681, 29200, 13140
3445, 13194, 4331821, 29200, 13140
3450, 5894, 4344961, 29200, 5840
3459, 13194, 4350801, 29200, 13140
3469, 13194, 4363941, 29200, 13140
3474, 5894, 4377081, 29200, 5840
3483, 13194, 4382921, 29200, 13140
3493, 13194, 4396061, 29200, 13140
3498, 5894, 4409201, 29200, 5840
3508, 14654, 4415041, 29200, 14600
3519, 14654, 4429641, 29200, 14600
3522, 2974, 4444241, 29200, 2920
3532, 14654, 4447161, 29200, 14600
3543, 14654, 4461761, 29200, 14600
3546, 2974, 4476361, 29200, 2920
3556, 14654, 4479281, 29200, 14600
3567, 14654, 4493881, 29200, 14600
3570, 2974, 4508481, 29200, 2920
3581, 16114, 4511401, 29200, 16060
3593, 16114, 4527461, 29200, 16060
3604, 16114, 4543521, 29200, 16060
3616, 16114, 4559581, 29200, 16060
3648, 2974, 4575641, 29200, 2920
3652, 54, 4578560, 29200, 0
3653, 54, 4578560, 29200, 0
3655, 54, 4578560, 29200, 0
3658, 24874, 4578561, 29200, 24820
3664, 4434, 4603381, 29200, 4380
3668, 8814, 4607761, 29200, 8760
3673, 11734, 4616521, 29200, 11680
3681, 7354, 4628201, 29200, 7300
3702, 4434, 4635501, 29200, 4380
3703, 19034, 4639881, 29200, 18980
3704, 13194, 4658861, 29200, 13140
3711, 10274, 4672001, 29200, 10220
3723, 11734, 4682221, 29200, 11680
3748, 1514, 4693901, 29200, 1460
3751, 54, 4695360, 29200, 0
3752, 54, 4695360, 29200, 0
3754, 54, 4695360, 29200, 0
3757, 8814, 4695361, 29200, 8760
3758, 5894, 4704121, 29200, 5840
3761, 5894, 4709961, 29200, 5840
3765, 8814, 4715801, 29200, 8760
3769, 8814, 4724561, 29200, 8760
3771, 2974, 4733321, 29200, 2920
3776, 11734, 4736241, 29200, 11680
3794, 4434, 4747921, 29200, 4380
3805, 16114, 4752301, 29200, 16060
3806, 19034, 4768361, 29200, 18980
3813, 13194, 4787341, 29200, 13140
3823, 14654, 4800481, 29200, 14600
3834, 14654, 4815081, 29200, 14600
3837, 2974, 4829681, 29200, 2920
3856, 7354, 4832601, 29200, 7300
3872, 54, 4839900, 29200, 0
3873, 54, 4839900, 29200, 0
3875, 54, 4839900, 29200, 0
3878, 20494, 4839901, 29200, 20440
3883, 4434, 4860341, 29200, 4380
3887, 10274, 4864721, 29200, 10220
3892, 11734, 4874941, 29200, 11680
3897, 10274, 4886621, 29200, 10220
3904, 13194, 4896841, 29200, 13140
3919, 4434, 4909981, 29200, 4380
3936, 14654, 4914361, 29200, 14600
3937, 20494, 4928961, 29200, 20440
3952, 4434, 4949401, 29200, 4380
3967, 54, 4953780, 29200, 0
3968, 54, 4953780, 29200, 0
3971, 7354, 4953781, 29200, 7300
3972, 7354, 4961081, 29200, 7300
3975, 5894, 4968381, 29200, 5840
3979, 8814, 4974221, 29200, 8760
3983, 8814, 4982981, 29200, 8760
3985, 1514, 4991741, 29200, 1460
3990, 13194, 4993201, 29200, 13140
4010, 2974, 5006341, 29200, 2920
4018, 16114, 5009261, 29200, 16060
4019, 20494, 5025321, 29200, 20440
4024, 11734, 5045761, 29200, 11680
4036, 13194, 5057441, 29200, 13140
4064, 54, 5070580, 29200, 0
4065, 54, 5070580, 29200, 0
4068, 2974, 5070581, 29200, 2920
4069, 2974, 5073501, 29200, 2920
4070, 2974, 5076421, 29200, 2920
4071, 2974, 5079341, 29200, 2920
4073, 2974, 5082261, 29200, 2920
4074, 2974, 5085181, 29200, 2920
4077, 1514, 5088101, 29200, 1460
4078, 2974, 5089561, 29200, 2920
4080, 2974, 5092481, 29200, 2920
4084, 2974, 5095401, 29200, 2920
4085, 4434, 5098321, 29200, 4380
4087, 4434, 5102701, 29200, 4380
4090, 7354, 5107081, 29200, 7300
4096, 7354, 5114381, 29200, 7300
4099, 13194, 5121681, 29200, 13140
4104, 5894, 5134821, 29200, 5840
4113, 13194, 5140661, 29200, 13140
4123, 14654, 5153801, 29200, 14600
4133, 14654, 5168401, 29200, 14600
4136, 2974, 5183001, 29200, 2920
4147, 14654, 5185921, 29200, 14600
4179, 17574, 5200521, 29200, 17520
4180, 23414, 5218041, 29200, 23360
4192, 2974, 5241401, 29200, 2920
4212, 54, 5244320, 29200, 0
4213, 54, 5244320, 29200, 0
4216, 5894, 5244321, 29200, 5840
4217, 7354, 5250161, 29200, 7300
4219, 2974, 5257461, 29200, 2920
4221, 4434, 5260381, 29200, 4380
4224, 5894, 5264761, 29200, 5840
4228, 8814, 5270601, 29200, 8760
4235, 2974, 5279361, 29200, 2920
4238, 14654, 5282281, 29200, 14600
4244, 4434, 5296881, 29200, 4380
4264, 13194, 5301261, 29200, 13140
4265, 19034, 5314401, 29200, 18980
4271, 13194, 5333381, 29200, 13140
4281, 16114, 5346521, 29200, 16060
4311, 54, 5362580, 29200, 0
4312, 54, 5362580, 29200, 0
4314, 54, 5362580, 29200, 0
4317, 8814, 5362581, 29200, 8760
4318, 5894, 5371341, 29200, 5840
4320, 1514, 5377181, 29200, 1460
4322, 4434, 5378641, 29200, 4380
4325, 5894, 5383021, 29200, 5840
4329, 8814, 5388861, 29200, 8760
4334, 11734, 5397621, 29200, 11680
4336, 1514, 5409301, 29200, 1460
4348, 11734, 5410761, 29200, 11680
4359, 19034, 5422441, 29200, 18980
4360, 1514, 5441421, 29200, 1460
4362, 7354, 5442881, 29200, 7300
4372, 14654, 5450181, 29200, 14600
4379, 10274, 5464781, 29200, 10220
4389, 16114, 5475001, 29200, 16060
4401, 16114, 5491061, 29200, 16060
4418, 2974, 5507121, 29200, 2920
4436, 23414, 5510041, 29200, 23360
4437, 5894, 5533401, 29200, 5840
4438, 17574, 5539241, 29200, 17520
4449, 14654, 5556761, 29200, 14600
4461, 17574, 5571361, 29200, 17520
4472, 14654, 5588881, 29200, 14600
4484, 17574, 5603481, 29200, 17520
4495, 14654, 5621001, 29200, 14600
4507, 17574, 5635601, 29200, 17520
4518, 14654, 5653121, 29200, 14600
4531, 19034, 5667721, 29200, 18980
4541, 13194, 5686701, 29200, 13140
4554, 19034, 5699841, 29200, 18980
4564, 13194, 5718821, 29200, 13140
4577, 19034, 5731961, 29200, 18980
4587, 13194, 5750941, 29200, 13140
4601, 20494, 5764081, 29200, 20440
4612, 11734, 5784521, 29200, 11680
4624, 20494, 5796201, 29200, 20440
4633, 11734, 5816641, 29200, 11680
4647, 20494, 5828321, 29200, 20440
4656, 11734, 5848761, 29200, 11680
4679, 14654, 5860441, 29200, 14600
4710, 54, 5875040, 29200, 0
4711, 54, 5875040, 29200, 0
4713, 54, 5875040, 29200, 0
4716, 10274, 5875041, 29200, 10220
4718, 2974, 5885261, 29200, 2920
4719, 2974, 5888181, 29200, 2920
4724, 1514, 5891101, 29200, 1460
4725, 5894, 5892561, 29200, 5840
4726, 5894, 5898401, 29200, 5840
4730, 8814, 5904241, 29200, 8760
4736, 11734, 5913001, 29200, 11680
4741, 14654, 5924681, 29200, 14600
4748, 17574, 5939281, 29200, 17520
4759, 17574, 5956801, 29200, 17520
4769, 14654, 5974321, 29200, 14600
4782, 17574, 5988921, 29200, 17520
4792, 14654, 6006441, 29200, 14600
4806, 19034, 6021041, 29200, 18980
4815, 13194, 6040021, 29200, 13140
4829, 19034, 6053161, 29200, 18980
4838, 13194, 6072141, 29200, 13140
4858, 14654, 6085281, 29200, 14600
4889, 17574, 6099881, 29200, 17520
4890, 24874, 6117401, 29200, 24820
4921, 54, 6142220, 29200, 0
4922, 54, 6142220, 29200, 0
4925, 7354, 6142221, 29200, 7300
4926, 7354, 6149521, 29200, 7300
4929, 5894, 6156821, 29200, 5840
4933, 8814, 6162661, 29200, 8760
4937, 8814, 6171421, 29200, 8760
4939, 1514, 6180181, 29200, 1460
4944, 11734, 6181641, 29200, 11680
4967, 20494, 6193321, 29200, 20440
4968, 24874, 6213761, 29200, 24820
4971, 7354, 6238581, 29200, 7300
4984, 5894, 6245881, 29200, 5840
5011, 1514, 6250261, 29200, 1460
5015, 1514, 6251721, 29200, 1460
5016, 1514, 6253181, 29200, 1460
5018, 23414, 6254641, 29200, 23360
5019, 27794, 6278001, 29200, 27740
5022, 2974, 6305741, 29200, 2920
5023, 1514, 6308661, 29200, 1460
5043, 1514, 6310121, 29200, 1460
5063, 27794, 6311581, 29200, 27740
5064, 2974, 6339321, 29200, 2920
5065, 23414, 6342241, 29200, 23360
5072, 8814, 6365601, 29200, 8760
5076, 4434, 6374361, 29200, 4380
5095, 10274, 6378741, 29200, 10220
5123, 54, 6388960, 29200, 0
5124, 54, 6388960, 29200, 0
5127, 14654, 6388961, 29200, 14600
5129, 2974, 6403561, 29200, 2920
5132, 5894, 6406481, 29200, 5840
5136, 8814, 6412321, 29200, 8760
5141, 11734, 6421081, 29200, 11680
5146, 5894, 6432761, 29200, 5840
5150, 14654, 6438601, 29200, 14600
5178, 17574, 6453201, 29200, 17520
5179, 26334, 6470721, 29200, 26280
5180, 5894, 6497001, 29200, 5840
5192, 19034, 6502841, 29200, 18980
5202, 13194, 6521821, 29200, 13140
5224, 1514, 6534961, 29200, 1460
5241, 1514, 6534961, 29200, 1460
5245, 1514, 6536421, 29200, 1460
5246, 1514, 6537881, 29200, 1460
5248, 27794, 6539341, 29200, 27740
5249, 27794, 6567081, 29200, 27740
5253, 4434, 6594821, 29200, 4380
5267, 19034, 6599201, 29200, 18980
5276, 13194, 6618181, 29200, 13140
5283, 8814, 6631321, 29200, 8760
5310, 20494, 6640081, 29200, 20440
5311, 2974, 6660521, 29200, 2920
5315, 20494, 6663441, 29200, 20440
5323, 11734, 6683881, 29200, 11680
5338, 20494, 6695561, 29200, 20440
5346, 11734, 6716001, 29200, 11680
5362, 21954, 6727681, 29200, 21900
5369, 10274, 6749581, 29200, 10220
5385, 21954, 6759801, 29200, 21900
5393, 10274, 6781701, 29200, 10220
5409, 21954, 6791921, 29200, 21900
5417, 10274, 6813821, 29200, 10220
5433, 21954, 6824041, 29200, 21900
5441, 10274, 6845941, 29200, 10220
5460, 21954, 6856161, 29200, 21900
5465, 10274, 6878061, 29200, 10220
5488, 21954, 6888281, 29200, 21900
5489, 10274, 6910181, 29200, 10220
5505, 21954, 6920401, 29200, 21900
5513, 10274, 6942301, 29200, 10220
5529, 21954, 6952521, 29200, 21900
5537, 10274, 6974421, 29200, 10220
5553, 21954, 6984641, 29200, 21900
5582, 1514, 7006541, 29200, 1460
5600, 8814, 7008001, 29200, 8760
5601, 32174, 7016761, 29200, 32120
5602, 21954, 7048881, 29200, 21900
5618, 5894, 7070781, 29200, 5840
5651, 1514, 7075161, 29200, 1460
5654, 54, 7076620, 29200, 0
5656, 1514, 7076621, 29200, 1460
5657, 1514, 7078081, 29200, 1460
5659, 1514, 7079541, 29200, 1460
5660, 32174, 7081001, 29200, 32120
5661, 24874, 7113121, 29200, 24820
5704, 7354, 7137941, 29200, 7300
5705, 32174, 7145241, 29200, 32120
5706, 21954, 7177361, 29200, 21900
5749, 54, 7199260, 29200, 0
5750, 54, 7199260, 29200, 0
5752, 54, 7199260, 29200, 0
5755, 4434, 7199261, 29200, 4380
5756, 4434, 7203641, 29200, 4380
5757, 1514, 7208021, 29200, 1460
5758, 4434, 7209481, 29200, 4380
5760, 2974, 7213861, 29200, 2920
5762, 2974, 7216781, 29200, 2920
5767, 2974, 7219701, 29200, 2920
5768, 2974, 7222621, 29200, 2920
5773, 2974, 7225541, 29200, 2920
5774, 7354, 7228461, 29200, 7300
5782, 5894, 7235761, 29200, 5840
5783, 19034, 7241601, 29200, 18980
5794, 2974, 7260581, 29200, 2920
5812, 10274, 7263501, 29200, 10220
5813, 24874, 7273721, 29200, 24820
5814, 7354, 7298541, 29200, 7300
5821, 16114, 7305841, 29200, 16060
5833, 16114, 7321901, 29200, 16060
5869, 54, 7337960, 29200, 0
5870, 54, 7337960, 29200, 0
5873, 26334, 7337961, 29200, 26280
5880, 5894, 7364241, 29200, 5840
5885, 11734, 7370081, 29200, 11680
5890, 11734, 7381761, 29200, 11680
5894, 8814, 7393441, 29200, 8760
5903, 4434, 7402201, 29200, 4380
5925, 1514, 7405121, 29200, 1460
5928, 54, 7406580, 29200, 0
5930, 1514, 7406581, 29200, 1460
5931, 1514, 7408041, 29200, 1460
5933, 24874, 7409501, 29200, 24820
5934, 26334, 7434321, 29200, 26280
5939, 5894, 7460601, 29200, 5840
5957, 4434, 7466441, 29200, 4380
5980, 27794, 7470821, 29200, 27740
5981, 26334, 7498561, 29200, 26280
5986, 5894, 7524841, 29200, 5840
6000, 19034, 7530681, 29200, 18980
6009, 13194, 7549661, 29200, 13140
6033, 11734, 7562801, 29200, 11680
6057, 1514, 7573021, 29200, 1460
6060, 54, 7574480, 29200, 0
6062, 1514, 7574481, 29200, 1460
6063, 1514, 7575941, 29200, 1460
6065, 17574, 7577401, 29200, 17520
6066, 29254, 7594921, 29200, 29200
6067, 2974, 7624121, 29200, 2920
6068, 8814, 7627041, 29200, 8760
6108, 1514, 7635801, 29200, 1460
6113, 21954, 7637261, 29200, 21900
6114, 30714, 7659161, 29200, 30660
6115, 1514, 7689821, 29200, 1460
6124, 14654, 7691281, 29200, 14600
6163, 1514, 7704421, 29200, 1460
6166, 54, 7705880, 29200, 0
6168, 1514, 7705881, 29200, 1460
6169, 1514, 7707341, 29200, 1460
6171, 14654, 7708801, 29200, 14600
6172, 30714, 7723401, 29200, 30660
6173, 1514, 7754061, 29200, 1460
6175, 14654, 7755521, 29200, 14600
6195, 17574, 7770121, 29200, 17520
6202, 21954, 7787641, 29200, 21900
6210, 10274, 7809541, 29200, 10220
6226, 21954, 7819761, 29200, 21900
6234, 10274, 7841661, 29200, 10220
6250, 21954, 7851881, 29200, 21900
6258, 10274, 7873781, 29200, 10220
6279, 17574, 7884001, 29200, 17520
6316, 14654, 7901521, 29200, 14600
6317, 32174, 7916121, 29200, 32120
6329, 16114, 7948241, 29200, 16060
6363, 54, 7964300, 29200, 0
6364, 54, 7964300, 29200, 0
6366, 54, 7964300, 29200, 0
6369, 13194, 7964301, 29200, 13140
6371, 2974, 7977441, 29200, 2920
6373, 4434, 7980361, 29200, 4380
6376, 5894, 7984741, 29200, 5840
6380, 8814, 7990581, 29200, 8760
6388, 11734, 7999341, 29200, 11680
6393, 1514, 8011021, 29200, 1460
6395, 13194, 8012481, 29200, 13140
6420, 19034, 8025621, 29200, 18980
6421, 24874, 8044601, 29200, 24820
6422, 7354, 8069421, 29200, 7300
6440, 10274, 8076721, 29200, 10220
6466, 54, 8086940, 29200, 0
6467, 54, 8086940, 29200, 0
6470, 5894, 8086941, 29200, 5840
6471, 5894, 8092781, 29200, 5840
6473, 2974, 8098621, 29200, 2920
6474, 2974, 8101541, 29200, 2920
6481, 2974, 8104461, 29200, 2920
6482, 1514, 8107381, 29200, 1460
6483, 5894, 8108841, 29200, 5840
6484, 5894, 8114681, 29200, 5840
6492, 7354, 8120521, 29200, 7300
6493, 13194, 8127821, 29200, 13140
6516, 8814, 8140961, 29200, 8760
6525, 23414, 8149721, 29200, 23360
6526, 27794, 8173081, 29200, 27740
6527, 4434, 8200821, 29200, 4380
6539, 14654, 8205201, 29200, 14600
6577, 54, 8219800, 29200, 0
6578, 54, 8219800, 29200, 0
6581, 4434, 8219801, 29200, 4380
6582, 4434, 8224181, 29200, 4380
6584, 2974, 8228561, 29200, 2920
6585, 1514, 8231481, 29200, 1460
6586, 2974, 8232941, 29200, 2920
6595, 1514, 8235861, 29200, 1460
6596, 5894, 8237321, 29200, 5840
6597, 5894, 8243161, 29200, 5840
6601, 5894, 8249001, 29200, 5840
6602, 11734, 8254841, 29200, 11680
6607, 2974, 8266521, 29200, 2920
6609, 14654, 8269441, 29200, 14600
6635, 1514, 8284041, 29200, 1460
6640, 16114, 8285501, 29200, 16060
6641, 29254, 8301561, 29200, 29200
6642, 2974, 8330761, 29200, 2920
6650, 20494, 8333681, 29200, 20440
6679, 5894, 8354121, 29200, 5840
6695, 1514, 8358501, 29200, 1460
6698, 54, 8359960, 29200, 0
6700, 1514, 8359961, 29200, 1460
6701, 1514, 8361421, 29200, 1460
6703, 2974, 8362881, 29200, 2920
6704, 32174, 8365801, 29200, 32120
6705, 27794, 8397921, 29200, 27740
6750, 4434, 8425661, 29200, 4380
6751, 32174, 8430041, 29200, 32120
6752, 26334, 8462161, 29200, 26280
6757, 5894, 8488441, 29200, 5840
6773, 17574, 8494281, 29200, 17520
6815, 54, 8511800, 29200, 0
6816, 54, 8511800, 29200, 0
6818, 54, 8511800, 29200, 0
6821, 11734, 8511801, 29200, 11680
6822, 2974, 8523481, 29200, 2920
6824, 2974, 8526401, 29200, 2920
6826, 2974, 8529321, 29200, 2920
6829, 5894, 8532241, 29200, 5840
6833, 8814, 8538081, 29200, 8760
6838, 11734, 8546841, 29200, 11680
6842, 8814, 8558521, 29200, 8760
6848, 14654, 8567281, 29200, 14600
6852, 8814, 8581881, 29200, 8760
6861, 19034, 8590641, 29200, 18980
6870, 13194, 8609621, 29200, 13140
6883, 20494, 8622761, 29200, 20440
6892, 11734, 8643201, 29200, 11680
6905, 20494, 8654881, 29200, 20440
6914, 11734, 8675321, 29200, 11680
6929, 21954, 8687001, 29200, 21900
6951, 10274, 8708901, 29200, 10220
6969, 8814, 8719121, 29200, 8760
6988, 23414, 8727881, 29200, 23360
6989, 32174, 8751241, 29200, 32120
7008, 5894, 8783361, 29200, 5840
7033, 1514, 8787741, 29200, 1460
7036, 54, 8789200, 29200, 0
7038, 1514, 8789201, 29200, 1460
7039, 1514, 8790661, 29200, 1460
7041, 23414, 8792121, 29200, 23360
7042, 32174, 8815481, 29200, 32120
7046, 4434, 8847601, 29200, 4380
7086, 27794, 8851981, 29200, 27740
7087, 32174, 8879721, 29200, 32120
7093, 1514, 8911841, 29200, 1460
7131, 1514, 8911841, 29200, 1460
7134, 54, 8913300, 29200, 0
7136, 1514, 8913301, 29200, 1460
7137, 1514, 8914761, 29200, 1460
7139, 27794, 8916221, 29200, 27740
7140, 30714, 8943961, 29200, 30660
7182, 1514, 8974621, 29200, 1460
7183, 32174, 8976081, 29200, 32120
7184, 29254, 9008201, 29200, 29200
7229, 54, 9037400, 29200, 0
7230, 54, 9037400, 29200, 0
7233, 2974, 9037401, 29200, 2920
7234, 7354, 9040321, 29200, 7300
7236, 7354, 9047621, 29200, 7300
7240, 8814, 9054921, 29200, 8760
7244, 8814, 9063681, 29200, 8760
7249, 11734, 9072441, 29200, 11680
7255, 14654, 9084121, 29200, 14600
7260, 1514, 9098721, 29200, 1460
7284, 4434, 9100181, 29200, 4380
7285, 21954, 9104561, 29200, 21900
7286, 10274, 9126461, 29200, 10220
7293, 16114, 9136681, 29200, 16060
7305, 16114, 9152741, 29200, 16060
7326, 2974, 9168801, 29200, 2920
7340, 54, 9171720, 29200, 0
7341, 54, 9171720, 29200, 0
7344, 23414, 9171721, 29200, 23360
7350, 5894, 9195081, 29200, 5840
7354, 8814, 9200921, 29200, 8760
7356, 1514, 9209681, 29200, 1460
7362, 13194, 9211141, 29200, 13140
7366, 8814, 9224281, 29200, 8760
7373, 14654, 9233041, 29200, 14600
7384, 16114, 9247641, 29200, 16060
7386, 1514, 9263701, 29200, 1460
7398, 16114, 9265161, 29200, 16060
7409, 16114, 9281221, 29200, 16060
7421, 16114, 9297281, 29200, 16060
7432, 16114, 9313341, 29200, 16060
7444, 16114, 9329401, 29200, 16060
7455, 16114, 9345461, 29200, 16060
7468, 19034, 9361521, 29200, 18980
7486, 13194, 9380501, 29200, 13140
7491, 19034, 9393641, 29200, 18980
7501, 13194, 9412621, 29200, 13140
7514, 19034, 9425761, 29200, 18980
7548, 2974, 9444741, 29200, 2920
7556, 10274, 9447661, 29200, 10220
7557, 27794, 9457881, 29200, 27740
7558, 4434, 9485621, 29200, 4380
7562, 19034, 9490001, 29200, 18980
7572, 13194, 9508981, 29200, 13140
7591, 5894, 9522121, 29200, 5840
7617, 26334, 9527961, 29200, 26280
7618, 17574, 9554241, 29200, 17520
7649, 1514, 9570301, 29200, 1460
7652, 54, 9571760, 29200, 0
7654, 1514, 9571761, 29200, 1460
7655, 1514, 9573221, 29200, 1460
7657, 11734, 9574681, 29200, 11680
7658, 29254, 9586361, 29200, 29200
7659, 2974, 9615561, 29200, 2920
7660, 2974, 9618481, 29200, 2920
7665, 17574, 9621401, 29200, 17520
7675, 11734, 9638921, 29200, 11680
7689, 20494, 9650601, 29200, 20440
7698, 11734, 9671041, 29200, 11680
7713, 21954, 9682721, 29200, 21900
7721, 10274, 9704621, 29200, 10220
7752, 5894, 9714841, 29200, 5840
7770, 26334, 9720681, 29200, 26280
7771, 32174, 9746961, 29200, 32120
7793, 14654, 9779081, 29200, 14600
7823, 1514, 9792221, 29200, 1460
7826, 54, 9793680, 29200, 0
7828, 1514, 9793681, 29200, 1460
7829, 1514, 9795141, 29200, 1460
7831, 14654, 9796601, 29200, 14600
7832, 32174, 9811201, 29200, 32120
7833, 16114, 9843321, 29200, 16060
7878, 16114, 9859381, 29200, 16060
7879, 32174, 9875441, 29200, 32120
7881, 14654, 9907561, 29200, 14600
7897, 1514, 9922161, 29200, 1460
7926, 1514, 9922161, 29200, 1460
7929, 54, 9923620, 29200, 0
7931, 1514, 9923621, 29200, 1460
7932, 1514, 9925081, 29200, 1460
7934, 13194, 9926541, 29200, 13140
7935, 32174, 9939681, 29200, 32120
7937, 14654, 9971801, 29200, 14600
7979, 17574, 9986401, 29200, 17520
7980, 32174, 10003921, 29200, 32120
7990, 19034, 10036041, 29200, 18980
8030, 54, 10055020, 29200, 0
8031, 54, 10055020, 29200, 0
8034, 13194, 10055021, 29200, 13140
8037, 7354, 10068161, 29200, 7300
8041, 8814, 10075461, 29200, 8760
8045, 8814, 10084221, 29200, 8760
8049, 7354, 10092981, 29200, 7300
8054, 13194, 10100281, 29200, 13140
8060, 14654, 10113421, 29200, 14600
8063, 4434, 10128021, 29200, 4380
8073, 17574, 10132401, 29200, 17520
8082, 11734, 10149921, 29200, 11680
8085, 2974, 10161601, 29200, 2920
8097, 17574, 10164521, 29200, 17520
8108, 14654, 10182041, 29200, 14600
8120, 17574, 10196641, 29200, 17520
8131, 14654, 10214161, 29200, 14600
8144, 19034, 10228761, 29200, 18980
8154, 13194, 10247741, 29200, 13140
8167, 19034, 10260881, 29200, 18980
8177, 13194, 10279861, 29200, 13140
8192, 17574, 10293001, 29200, 17520
8228, 1514, 10309061, 29200, 1460
8231, 54, 10310520, 29200, 0
8233, 1514, 10310521, 29200, 1460
8234, 1514, 10311981, 29200, 1460
8236, 11734, 10313441, 29200, 11680
8237, 29254, 10325121, 29200, 29200
8238, 2974, 10354321, 29200, 2920
8239, 14654, 10357241, 29200, 14600
8252, 17574, 10371841, 29200, 17520
8277, 1514, 10389361, 29200, 1460
8296, 30714, 10390821, 29200, 30660
8297, 30714, 10421481, 29200, 30660
8299, 1514, 10452141, 29200, 1460
8339, 2974, 10453601, 29200, 2920
8346, 54, 10456520, 29200, 0
8347, 54, 10456520, 29200, 0
8349, 54, 10456520, 29200, 0
8352, 29254, 10456521, 29200, 29200
8353, 94, 10485721, 29200, 40
8376, 54, 10485762, 29200, 0
